rw,rb,model_fitted_to_data,n_sim
95.13923067594857,138.46862631308085,rw,1
101.93639983692287,132.58565045893675,rb,1
65.50459130220511,79.1392506109473,rw,2
79.29796449072444,75.36028856024257,rb,2
56.08842505866714,136.66907718879497,rw,3
114.40168074959098,138.02557284496385,rb,3
122.17737390183207,86.4763476180587,rw,4
125.88960863013193,83.01044008066935,rb,4
111.8847377318818,112.82893534691851,rw,5
120.6706376915213,109.78142460817773,rb,5
82.69825043449194,40.33382365160883,rw,6
83.01044008066935,35.69109097454968,rb,6
63.49737602390937,130.23599068484808,rw,7
93.24293757102507,130.102267023602,rb,7
88.89765798330762,67.02195095031168,rw,8
112.12588790756529,67.07511377227743,rb,8
87.47743126432883,113.90910832657414,rw,9
90.10800789728981,118.59090449372282,rb,9
71.31780078649322,96.6802952457244,rw,10
104.68079427885984,101.95709446455592,rb,10
119.65703851625423,104.67359917207634,rw,11
124.04651398275202,101.95709446455592,rb,11
133.19537876422245,83.0019076801847,rw,12
132.58565045893675,79.29796449072444,rb,12
124.67473665099439,90.6473637452541,rw,13
134.71720836323232,90.1080078972898,rb,13
112.99357715835009,63.59397306049072,rw,14
116.62576248065363,62.55296159464041,rb,14
77.45177581588166,107.43633947922808,rw,15
99.34260688373791,101.93639983692287,rb,15
48.52616591531003,127.21000271003632,rw,16
71.38081705235203,127.34888054538465,rb,16
79.11208204524307,49.26701117359668,rw,17
90.10800789728981,47.40924879865325,rb,17
126.30015658489803,90.18141491477006,rw,18
131.42041596009315,83.01044008066935,rb,18
76.50007017335932,48.593951994160655,rw,19
79.29796449072444,47.436176143018976,rb,19
126.39989934580404,138.21261454200703,rw,20
128.82737206888555,139.87107362445528,rb,20
128.3941249370801,79.93631366020941,rw,21
130.102267023602,71.38081705235203,rb,21
93.51356451569163,139.25158456582716,rw,22
116.62576248065363,139.5486411700816,rb,22
76.3796716889634,112.31282295774801,rw,23
99.34260688373791,112.19173418865815,rb,23
84.91873056861199,89.5718310760929,rw,24
86.6427139102808,83.01044008066935,rb,24
68.47385855294102,138.49609121050634,rw,25
112.1258879075653,140.20006176901134,rb,25
97.42208817687322,126.09033634720717,rw,26
133.70456222170574,122.36861332530806,rb,26
134.66342986738272,118.94149776393664,rw,27
138.49300059206524,116.62576248065365,rb,27
119.03389883411222,0.4460067155942365,rw,28
122.37932190005515,4.151518807873835,rb,28
83.75995516170725,87.80883109056992,rw,29
86.6427139102808,86.5120087218903,rb,29
124.86277712132618,138.76833304553756,rw,30
125.88960863013193,138.02557284496385,rb,30
138.66214112840692,118.85980933923776,rw,31
140.59921305519364,116.63114454588035,rb,31
91.43215466584803,110.51481602841179,rw,32
107.30424029984599,109.86411052164667,rb,32
92.57841825225108,135.76439488632022,rw,33
125.88960863013193,138.02557284496385,rb,33
134.9970480346913,130.01204122799393,rw,34
133.70456222170574,128.8247267190987,rb,34
49.1043285785816,129.62301852325686,rw,35
57.804455041948486,131.42041596009315,rb,35
114.58249281558791,78.52702877016941,rw,36
125.88960863013193,75.34635318338951,rb,36
77.85428511085735,38.349455265458914,rw,37
124.04651398275203,35.680363991602775,rb,37
125.83339739898909,121.61828203439185,rw,38
128.82737206888555,122.36861332530806,rb,38
134.25399359060086,135.86069444369033,rw,39
134.7172083632323,135.63312154476642,rb,39
123.22118645997358,31.071875990791426,rw,40
130.102267023602,29.108346113037484,rb,40
20.603588588031933,79.74685297494909,rw,41
41.80137633702031,79.29796449072444,rb,41
83.89903958740808,129.73716164335926,rw,42
107.30424029984599,133.70456222170574,rb,42
63.54960152164855,134.7655234868064,rw,43
99.34260688373793,130.17703868620202,rb,43
131.75101061668403,111.12081197404164,rw,44
136.49989115765368,104.68079427885984,rb,44
131.773438422838,87.71839733873321,rw,45
135.63312154476642,86.5120087218903,rb,45
59.49603317002077,118.17195940400367,rw,46
67.07511377227743,116.62576248065363,rb,46
103.25793849905884,44.4708710154208,rw,47
116.62576248065363,41.71766961074421,rb,47
63.13446360518331,40.19077586544494,rw,48
71.38081705235204,35.69109097454968,rb,48
54.75665516953897,60.63055450961296,rw,49
93.24293757102507,57.80445504194848,rb,49
70.00436429253836,80.75968217569012,rw,50
90.1080078972898,79.2822620943217,rb,50
129.8510774216431,134.51244202036816,rw,51
130.102267023602,128.82737206888555,rb,51
116.7450623355018,90.83092246222789,rw,52
114.40168074959098,93.24293757102507,rb,52
71.73116002226352,122.70042633367632,rw,53
79.29796449072444,122.37932190005515,rb,53
121.69013381531238,26.014652927466777,rw,54
135.63312154476642,29.108346113037488,rb,54
133.07819990726875,138.7381079535416,rw,55
131.42041596009315,140.20006176901134,rb,55
134.58109411283488,139.09860934981992,rw,56
133.70456222170574,140.53983580823308,rb,56
125.60663915429396,102.07347011296446,rw,57
131.42041596009315,99.34260688373793,rb,57
131.60300682739168,16.62615630488001,rw,58
131.42041596009315,13.6855203762961,rb,58
117.2600560105925,132.03583054249606,rw,59
118.71226460483635,131.42041596009315,rb,59
67.05983378765694,136.38786706292655,rw,60
83.01044008066935,139.5270975693446,rb,60
98.71135679220184,83.95853451346433,rw,61
107.304240299846,83.01044008066935,rb,61
121.24672295929929,75.92340926552005,rw,62
127.34888054538465,75.34635318338951,rb,62
25.91267691840535,139.30927777512184,rw,63
41.80137633702031,139.5486411700816,rb,63
111.4673225934035,126.79269592440664,rw,64
109.86411052164667,120.6706376915213,rb,64
123.08350688832894,122.28730283535225,rw,65
124.04651398275202,118.59090449372282,rb,65
101.33422237282014,45.229606112220495,rw,66
122.37932190005515,41.71766961074421,rb,66
72.46289750813217,102.09187313559525,rw,67
83.01044008066935,101.95709446455592,rb,67
134.4923845240621,136.14386159695528,rw,68
133.70456222170574,134.71720836323232,rb,68
110.26292021115441,139.45860936122355,rw,69
109.86411052164667,138.64218619087006,rb,69
50.49862800531229,66.01826932149929,rw,70
62.55296159464041,66.98440626236622,rb,70
130.0972101280843,132.59410188830037,rw,71
130.102267023602,133.70456222170574,rb,71
121.64536582151531,130.08953907288856,rw,72
136.49989115765368,125.80963132572965,rb,72
85.94311203070181,124.52111285683443,rw,73
86.6427139102808,124.13614911370581,rb,73
88.32966584696175,134.2598077474748,rw,74
93.24293757102507,132.61802110895337,rb,74
87.10912598934071,10.058052223911702,rw,75
107.30424029984599,13.932054375857206,rb,75
77.98248466244448,129.90894844116755,rw,76
90.10800789728981,130.102267023602,rb,76
120.7601268986199,82.34588776735055,rw,77
116.62576248065363,79.29796449072444,rb,77
87.57412840699378,139.8452098424868,rw,78
101.93639983692287,137.30426088589252,rb,78
123.07517360074144,49.43174732638148,rw,79
133.70456222170574,47.436176143018976,rb,79
72.16046772571498,117.16751865375896,rw,80
90.10800789728981,116.62576248065363,rb,80
128.12223420462539,104.53550156440366,rw,81
130.102267023602,101.95709446455592,rb,81
66.03821802908628,133.32394594716868,rw,82
83.01044008066935,133.70456222170574,rb,82
103.54260413024298,82.64002322144435,rw,83
116.62576248065363,79.2822620943217,rb,83
118.99235593853439,15.773722175024272,rw,84
122.37932190005515,13.932054375857206,rb,84
93.85236738424268,91.45234735698838,rw,85
93.24293757102507,90.10800789728981,rb,85
96.77650785238173,43.10834896542485,rw,86
109.86411052164667,41.71766961074421,rb,86
66.2123555727453,101.25896732352072,rw,87
101.93639983692287,104.68079427885984,rb,87
122.98367976972247,1.3786935481258797,rw,88
120.6706376915213,4.102518185711072,rb,88
97.04072031062803,143.21414976730506,rw,89
107.30424029984599,132.61802110895337,rb,89
122.24307479310963,122.54371600181275,rw,90
125.88960863013193,122.37932190005515,rb,90
59.69380788137763,99.34718214985654,rw,91
62.55296159464041,96.28508435046584,rb,91
85.73856192580327,43.264192180028274,rw,92
96.33048090938831,41.71766961074421,rb,92
118.1855342088512,107.77005355818983,rw,93
124.04651398275202,107.45518337811708,rb,93
120.77401018941103,141.71459389023568,rw,94
122.37932190005515,132.61802110895337,rb,94
64.20648650075267,102.76061897079137,rw,95
112.1258879075653,99.34260688373793,rb,95
56.511840769717715,108.0353914647363,rw,96
96.33048090938831,104.68079427885984,rb,96
134.03512368019398,67.48030391040066,rw,97
128.82737206888555,66.98440626236622,rb,97
105.5350470632141,132.55613845792493,rw,98
109.86411052164667,131.42041596009315,rb,98
130.09355461849486,113.63885020500291,rw,99
139.5270975693446,114.50884715250571,rb,99
128.35648209504762,129.71933193394796,rw,100
140.36341811236923,127.30237593839554,rb,100
